csvname = './data/MassAnomaly6P.csv';
M1 = 100.0;
M2 = 300.0;
M3 = 100.0;
M4 = 300.0;
M5 = 100.0;
M6 = 300.0;