csvname = './data/MassAnomaly10P.csv';
M1 = 100.0;
M2 = 300.0;
M3 = 100.0;
M4 = 300.0;
M5 = 100.0;
M6 = 300.0;
M7 = 100.0;
M8 = 300.0;
M9 = 100.0;
M10 = 300.0;